   0.1250 1.6089e+06
   0.3750 4.6355e+06
   0.6250 7.4390e+06
   0.8750 9.9702e+06
   1.1250 1.2166e+07
   1.3750 1.3997e+07
   1.6250 1.5452e+07
   1.8750 1.6543e+07
   2.1250 1.7292e+07
   2.3750 1.7724e+07
   2.6250 1.7878e+07
   2.8750 1.7790e+07
   3.1250 1.7502e+07
   3.3750 1.7048e+07
   3.6250 1.6463e+07
   3.8750 1.5780e+07
   4.1250 1.5028e+07
   4.3750 1.4232e+07
   4.6250 1.3413e+07
   4.8750 1.2590e+07
   5.1250 1.1777e+07
   5.3750 1.0984e+07
   5.6250 1.0220e+07
   5.8750 9.4906e+06
   6.1250 8.7992e+06
   6.3750 8.1480e+06
   6.6250 7.5377e+06
   6.8750 6.9683e+06
   7.1250 6.4388e+06
   7.3750 5.9478e+06
   7.6250 5.4936e+06
   7.8750 5.0741e+06
   8.1250 4.6873e+06
   8.3750 4.3310e+06
   8.6250 4.0031e+06
   8.8750 3.7015e+06
   9.1250 3.4242e+06
   9.3750 3.1692e+06
   9.6250 2.9349e+06
   9.8750 2.7195e+06
  10.1250 2.5214e+06
  10.3750 2.3392e+06
  10.6250 2.1716e+06
  10.8750 2.0173e+06
  11.1250 1.8753e+06
  11.3750 1.7445e+06
  11.6250 1.6240e+06
  11.8750 1.5129e+06
  12.1250 1.4104e+06
  12.3750 1.3156e+06
  12.6250 1.2281e+06
  12.8750 1.1471e+06
  13.1250 1.0721e+06
  13.3750 1.0027e+06
  13.6250 9.3838e+05
  13.8750 8.7876e+05
  14.1250 8.2348e+05
  14.3750 7.7217e+05
  14.6250 7.2453e+05
  14.8750 6.8024e+05
  15.1250 6.3904e+05
  15.3750 6.0070e+05
  15.6250 5.6498e+05
  15.8750 5.3168e+05
  16.1250 5.0063e+05
  16.3750 4.7165e+05
  16.6250 4.4459e+05
  16.8750 4.1930e+05
  17.1250 3.9566e+05
  17.3750 3.7355e+05
  17.6250 3.5285e+05
  17.8750 3.3347e+05
  18.1250 3.1531e+05
  18.3750 2.9828e+05
  18.6250 2.8232e+05
  18.8750 2.6733e+05
  19.1250 2.5325e+05
  19.3750 2.4002e+05
  19.6250 2.2759e+05
  19.8750 2.1590e+05
  20.1250 2.0490e+05
  20.3750 1.9453e+05
  20.6250 1.8478e+05
  20.8750 1.7558e+05
  21.1250 1.6691e+05
  21.3750 1.5873e+05
  21.6250 1.5101e+05
  21.8750 1.4372e+05
  22.1250 1.3683e+05
  22.3750 1.3033e+05
  22.6250 1.2418e+05
  22.8750 1.1836e+05
  23.1250 1.1285e+05
  23.3750 1.0764e+05
  23.6250 1.0270e+05
  23.8750 9.8025e+04
  24.1250 9.3592e+04
  24.3750 8.9390e+04
  24.6250 8.5404e+04
  24.8750 8.1622e+04
  25.1250 7.8033e+04
  25.3750 7.4625e+04
  25.6250 7.1388e+04
  25.8750 6.8313e+04
  26.1250 6.5390e+04
  26.3750 6.2610e+04
  26.6250 5.9967e+04
  26.8750 5.7453e+04
  27.1250 5.5059e+04
  27.3750 5.2779e+04
  27.6250 5.0608e+04
  27.8750 4.8538e+04
  28.1250 4.6566e+04
  28.3750 4.4685e+04
  28.6250 4.2891e+04
  28.8750 4.1180e+04
  29.1250 3.9548e+04
  29.3750 3.7989e+04
  29.6250 3.6501e+04
  29.8750 3.5080e+04
  30.1250 3.3722e+04
  30.3750 3.2425e+04
  30.6250 3.1185e+04
  30.8750 3.0000e+04
  31.1250 2.8866e+04
  31.3750 2.7782e+04
  31.6250 2.6745e+04
  31.8750 2.5753e+04
  32.1250 2.4803e+04
  32.3750 2.3894e+04
  32.6250 2.3023e+04
  32.8750 2.2189e+04
  33.1250 2.1390e+04
  33.3750 2.0623e+04
  33.6250 1.9888e+04
  33.8750 1.9184e+04
  34.1250 1.8507e+04
  34.3750 1.7858e+04
  34.6250 1.7234e+04
  34.8750 1.6636e+04
  35.1250 1.6062e+04
  35.3750 1.5510e+04
  35.6250 1.4979e+04
  35.8750 1.4470e+04
  36.1250 1.3980e+04
  36.3750 1.3509e+04
  36.6250 1.3057e+04
  36.8750 1.2622e+04
  37.1250 1.2203e+04
  37.3750 1.1800e+04
  37.6250 1.1413e+04
  37.8750 1.1040e+04
  38.1250 1.0681e+04
  38.3750 1.0336e+04
  38.6250 1.0003e+04
  38.8750 9.6830e+03
  39.1250 9.3746e+03
  39.3750 9.0775e+03
  39.6250 8.7912e+03
  39.8750 8.5154e+03
  40.1250 8.2496e+03
  40.3750 7.9934e+03
  40.6250 7.7464e+03
  40.8750 7.5081e+03
  41.1250 7.2782e+03
  41.3750 7.0564e+03
  41.6250 6.8423e+03
  41.8750 6.6357e+03
  42.1250 6.4361e+03
  42.3750 6.2435e+03
  42.6250 6.0575e+03
  42.8750 5.8778e+03
  43.1250 5.7041e+03
  43.3750 5.5364e+03
  43.6250 5.3743e+03
  43.8750 5.2177e+03
  44.1250 5.0663e+03
  44.3750 4.9199e+03
  44.6250 4.7783e+03
  44.8750 4.6414e+03
  45.1250 4.5091e+03
  45.3750 4.3810e+03
  45.6250 4.2571e+03
  45.8750 4.1372e+03
  46.1250 4.0212e+03
  46.3750 3.9089e+03
  46.6250 3.8003e+03
  46.8750 3.6951e+03
  47.1250 3.5932e+03
  47.3750 3.4945e+03
  47.6250 3.3990e+03
  47.8750 3.3064e+03
  48.1250 3.2168e+03
  48.3750 3.1299e+03
  48.6250 3.0458e+03
  48.8750 2.9642e+03
  49.1250 2.8852e+03
  49.3750 2.8086e+03
  49.6250 2.7343e+03
  49.8750 2.6623e+03
  50.1250 2.5924e+03
  50.3750 2.5247e+03
  50.6250 2.4590e+03
  50.8750 2.3952e+03
  51.1250 2.3334e+03
  51.3750 2.2733e+03
  51.6250 2.2151e+03
  51.8750 2.1585e+03
  52.1250 2.1036e+03
  52.3750 2.0503e+03
  52.6250 1.9985e+03
  52.8750 1.9482e+03
  53.1250 1.8994e+03
  53.3750 1.8520e+03
  53.6250 1.8059e+03
  53.8750 1.7612e+03
  54.1250 1.7177e+03
  54.3750 1.6754e+03
  54.6250 1.6343e+03
  54.8750 1.5944e+03
  55.1250 1.5556e+03
  55.3750 1.5179e+03
  55.6250 1.4812e+03
  55.8750 1.4456e+03
  56.1250 1.4109e+03
  56.3750 1.3772e+03
  56.6250 1.3444e+03
  56.8750 1.3125e+03
  57.1250 1.2814e+03
  57.3750 1.2512e+03
  57.6250 1.2218e+03
  57.8750 1.1932e+03
  58.1250 1.1654e+03
  58.3750 1.1383e+03
  58.6250 1.1120e+03
  58.8750 1.0863e+03
  59.1250 1.0613e+03
  59.3750 1.0370e+03
  59.6250 1.0133e+03
  59.8750 9.9021e+02
  60.1250 9.6774e+02
  60.3750 9.4585e+02
  60.6250 9.2453e+02
  60.8750 9.0376e+02
  61.1250 8.8352e+02
  61.3750 8.6381e+02
  61.6250 8.4459e+02
  61.8750 8.2587e+02
  62.1250 8.0762e+02
  62.3750 7.8983e+02
  62.6250 7.7249e+02
  62.8750 7.5558e+02
  63.1250 7.3910e+02
  63.3750 7.2303e+02
  63.6250 7.0735e+02
  63.8750 6.9207e+02
  64.1250 6.7716e+02
  64.3750 6.6262e+02
  64.6250 6.4844e+02
  64.8750 6.3460e+02
  65.1250 6.2110e+02
  65.3750 6.0793e+02
  65.6250 5.9508e+02
  65.8750 5.8253e+02
  66.1250 5.7029e+02
  66.3750 5.5835e+02
  66.6250 5.4669e+02
  66.8750 5.3531e+02
  67.1250 5.2420e+02
  67.3750 5.1335e+02
  67.6250 5.0275e+02
  67.8750 4.9241e+02
  68.1250 4.8231e+02
  68.3750 4.7245e+02
  68.6250 4.6282e+02
  68.8750 4.5341e+02
  69.1250 4.4422e+02
  69.3750 4.3524e+02
  69.6250 4.2647e+02
  69.8750 4.1790e+02
  70.1250 4.0953e+02
  70.3750 4.0135e+02
  70.6250 3.9336e+02
  70.8750 3.8555e+02
  71.1250 3.7791e+02
  71.3750 3.7045e+02
  71.6250 3.6315e+02
  71.8750 3.5602e+02
  72.1250 3.4905e+02
  72.3750 3.4224e+02
  72.6250 3.3557e+02
  72.8750 3.2906e+02
  73.1250 3.2269e+02
  73.3750 3.1645e+02
  73.6250 3.1036e+02
  73.8750 3.0440e+02
  74.1250 2.9857e+02
  74.3750 2.9287e+02
  74.6250 2.8729e+02
  74.8750 2.8183e+02
  75.1250 2.7649e+02
  75.3750 2.7127e+02
  75.6250 2.6616e+02
  75.8750 2.6116e+02
  76.1250 2.5626e+02
  76.3750 2.5147e+02
  76.6250 2.4678e+02
  76.8750 2.4219e+02
  77.1250 2.3770e+02
  77.3750 2.3331e+02
  77.6250 2.2900e+02
  77.8750 2.2479e+02
  78.1250 2.2066e+02
  78.3750 2.1663e+02
  78.6250 2.1267e+02
  78.8750 2.0880e+02
  79.1250 2.0501e+02
  79.3750 2.0129e+02
  79.6250 1.9766e+02
  79.8750 1.9409e+02
  80.1250 1.9061e+02
  80.3750 1.8719e+02
  80.6250 1.8384e+02
  80.8750 1.8056e+02
  81.1250 1.7735e+02
  81.3750 1.7420e+02
  81.6250 1.7112e+02
  81.8750 1.6809e+02
  82.1250 1.6513e+02
  82.3750 1.6223e+02
  82.6250 1.5939e+02
  82.8750 1.5660e+02
  83.1250 1.5387e+02
  83.3750 1.5119e+02
  83.6250 1.4857e+02
  83.8750 1.4600e+02
  84.1250 1.4347e+02
  84.3750 1.4100e+02
  84.6250 1.3858e+02
  84.8750 1.3620e+02
  85.1250 1.3387e+02
  85.3750 1.3159e+02
  85.6250 1.2935e+02
  85.8750 1.2715e+02
  86.1250 1.2499e+02
  86.3750 1.2288e+02
  86.6250 1.2081e+02
  86.8750 1.1878e+02
  87.1250 1.1678e+02
  87.3750 1.1483e+02
  87.6250 1.1291e+02
  87.8750 1.1103e+02
  88.1250 1.0918e+02
  88.3750 1.0737e+02
  88.6250 1.0559e+02
  88.8750 1.0384e+02
  89.1250 1.0213e+02
  89.3750 1.0045e+02
  89.6250 9.8805e+01
  89.8750 9.7188e+01
  90.1250 9.5600e+01
  90.3750 9.4042e+01
  90.6250 9.2513e+01
  90.8750 9.1011e+01
  91.1250 8.9538e+01
  91.3750 8.8091e+01
  91.6250 8.6671e+01
  91.8750 8.5277e+01
  92.1250 8.3908e+01
  92.3750 8.2564e+01
  92.6250 8.1245e+01
  92.8750 7.9949e+01
  93.1250 7.8677e+01
  93.3750 7.7427e+01
  93.6250 7.6200e+01
  93.8750 7.4996e+01
  94.1250 7.3812e+01
  94.3750 7.2650e+01
  94.6250 7.1509e+01
  94.8750 7.0388e+01
  95.1250 6.9287e+01
  95.3750 6.8206e+01
  95.6250 6.7144e+01
  95.8750 6.6100e+01
  96.1250 6.5075e+01
  96.3750 6.4068e+01
  96.6250 6.3079e+01
  96.8750 6.2107e+01
  97.1250 6.1152e+01
  97.3750 6.0213e+01
  97.6250 5.9291e+01
  97.8750 5.8385e+01
  98.1250 5.7495e+01
  98.3750 5.6620e+01
  98.6250 5.5760e+01
  98.8750 5.4915e+01
  99.1250 5.4085e+01
  99.3750 5.3269e+01
  99.6250 5.2466e+01
  99.8750 5.1678e+01
 100.1250 5.0902e+01
 100.3750 5.0141e+01
 100.6250 4.9391e+01
 100.8750 4.8655e+01
 101.1250 4.7931e+01
 101.3750 4.7219e+01
 101.6250 4.6520e+01
 101.8750 4.5832e+01
 102.1250 4.5155e+01
 102.3750 4.4490e+01
 102.6250 4.3836e+01
 102.8750 4.3193e+01
 103.1250 4.2560e+01
 103.3750 4.1938e+01
 103.6250 4.1327e+01
 103.8750 4.0725e+01
 104.1250 4.0134e+01
 104.3750 3.9552e+01
 104.6250 3.8979e+01
 104.8750 3.8416e+01
 105.1250 3.7862e+01
 105.3750 3.7318e+01
 105.6250 3.6782e+01
 105.8750 3.6255e+01
 106.1250 3.5736e+01
 106.3750 3.5226e+01
 106.6250 3.4724e+01
 106.8750 3.4230e+01
 107.1250 3.3744e+01
 107.3750 3.3265e+01
 107.6250 3.2795e+01
 107.8750 3.2332e+01
 108.1250 3.1876e+01
 108.3750 3.1428e+01
 108.6250 3.0987e+01
 108.8750 3.0552e+01
 109.1250 3.0125e+01
 109.3750 2.9704e+01
 109.6250 2.9290e+01
 109.8750 2.8883e+01
 110.1250 2.8482e+01
 110.3750 2.8087e+01
 110.6250 2.7698e+01
 110.8750 2.7315e+01
 111.1250 2.6939e+01
 111.3750 2.6568e+01
 111.6250 2.6203e+01
 111.8750 2.5843e+01
 112.1250 2.5490e+01
 112.3750 2.5141e+01
 112.6250 2.4798e+01
 112.8750 2.4460e+01
 113.1250 2.4128e+01
 113.3750 2.3800e+01
 113.6250 2.3478e+01
 113.8750 2.3160e+01
 114.1250 2.2847e+01
 114.3750 2.2539e+01
 114.6250 2.2236e+01
 114.8750 2.1937e+01
 115.1250 2.1643e+01
 115.3750 2.1353e+01
 115.6250 2.1068e+01
 115.8750 2.0787e+01
 116.1250 2.0510e+01
 116.3750 2.0237e+01
 116.6250 1.9969e+01
 116.8750 1.9704e+01
 117.1250 1.9443e+01
 117.3750 1.9187e+01
 117.6250 1.8934e+01
 117.8750 1.8685e+01
 118.1250 1.8439e+01
 118.3750 1.8198e+01
 118.6250 1.7959e+01
 118.8750 1.7725e+01
 119.1250 1.7494e+01
 119.3750 1.7266e+01
 119.6250 1.7041e+01
 119.8750 1.6820e+01
 120.1250 1.6602e+01
 120.3750 1.6387e+01
 120.6250 1.6176e+01
 120.8750 1.5967e+01
 121.1250 1.5762e+01
 121.3750 1.5559e+01
 121.6250 1.5360e+01
 121.8750 1.5163e+01
 122.1250 1.4970e+01
 122.3750 1.4778e+01
 122.6250 1.4590e+01
 122.8750 1.4405e+01
 123.1250 1.4222e+01
 123.3750 1.4041e+01
 123.6250 1.3864e+01
 123.8750 1.3689e+01
 124.1250 1.3516e+01
 124.3750 1.3346e+01
 124.6250 1.3178e+01
 124.8750 1.3012e+01
 125.1250 1.2849e+01
 125.3750 1.2689e+01
 125.6250 1.2530e+01
 125.8750 1.2374e+01
 126.1250 1.2220e+01
 126.3750 1.2068e+01
 126.6250 1.1918e+01
 126.8750 1.1770e+01
 127.1250 1.1625e+01
 127.3750 1.1481e+01
 127.6250 1.1340e+01
 127.8750 1.1200e+01
 128.1250 1.1062e+01
 128.3750 1.0927e+01
 128.6250 1.0793e+01
 128.8750 1.0661e+01
 129.1250 1.0530e+01
 129.3750 1.0402e+01
 129.6250 1.0275e+01
 129.8750 1.0150e+01
 130.1250 1.0027e+01
 130.3750 9.9054e+00
 130.6250 9.7855e+00
 130.8750 9.6672e+00
 131.1250 9.5506e+00
 131.3750 9.4355e+00
 131.6250 9.3220e+00
 131.8750 9.2100e+00
 132.1250 9.0995e+00
 132.3750 8.9905e+00
 132.6250 8.8830e+00
 132.8750 8.7769e+00
 133.1250 8.6723e+00
 133.3750 8.5690e+00
 133.6250 8.4672e+00
 133.8750 8.3667e+00
 134.1250 8.2675e+00
 134.3750 8.1696e+00
 134.6250 8.0731e+00
 134.8750 7.9778e+00
 135.1250 7.8838e+00
 135.3750 7.7910e+00
 135.6250 7.6994e+00
 135.8750 7.6091e+00
 136.1250 7.5199e+00
 136.3750 7.4319e+00
 136.6250 7.3451e+00
 136.8750 7.2594e+00
 137.1250 7.1748e+00
 137.3750 7.0913e+00
 137.6250 7.0089e+00
 137.8750 6.9276e+00
 138.1250 6.8473e+00
 138.3750 6.7681e+00
 138.6250 6.6899e+00
 138.8750 6.6127e+00
 139.1250 6.5365e+00
 139.3750 6.4613e+00
 139.6250 6.3870e+00
 139.8750 6.3137e+00
 140.1250 6.2413e+00
 140.3750 6.1699e+00
 140.6250 6.0993e+00
 140.8750 6.0297e+00
 141.1250 5.9610e+00
 141.3750 5.8931e+00
 141.6250 5.8261e+00
 141.8750 5.7599e+00
 142.1250 5.6946e+00
 142.3750 5.6302e+00
 142.6250 5.5665e+00
 142.8750 5.5037e+00
 143.1250 5.4416e+00
 143.3750 5.3804e+00
 143.6250 5.3199e+00
 143.8750 5.2602e+00
 144.1250 5.2012e+00
 144.3750 5.1430e+00
 144.6250 5.0855e+00
 144.8750 5.0287e+00
 145.1250 4.9726e+00
 145.3750 4.9173e+00
 145.6250 4.8626e+00
 145.8750 4.8086e+00
 146.1250 4.7553e+00
 146.3750 4.7026e+00
 146.6250 4.6506e+00
 146.8750 4.5993e+00
 147.1250 4.5486e+00
 147.3750 4.4985e+00
 147.6250 4.4490e+00
 147.8750 4.4001e+00
 148.1250 4.3519e+00
 148.3750 4.3042e+00
 148.6250 4.2571e+00
 148.8750 4.2106e+00
 149.1250 4.1647e+00
 149.3750 4.1193e+00
 149.6250 4.0745e+00
 149.8750 4.0302e+00
